                                                                                  -2-




     Exhibit 2. Origin of Movement of U.S. Exports of Goods by State by NAICS-Based Product Code Groupings,
                                            Not Seasonally Adjusted: 2025
                 In millions of dollars. Foreign Trade Zone (FTZ) shipments are included in the U.S. total and distributed among individual states
                   and territories. Separate FTZ total line is for reference only. Details may not equal totals due to rounding. (X) Not applicable.
                                                (-) Represents zero or less than one-half unit of measurement shown.
                                           NAICS-Based Product Code Groupings
                                                                                                                     Re-exports                        Total
                              Manufactured Commodities        Non-Manufactured Commodities (1)
         Item
                                              Annual                              Annual
                          December                           December                                         December        Annual      December             Annual
                                        Total       Percent                 Total      Percent

U.S. Total                 110,141.8   1,359,513.1          100.0      30,773.6     353,616.1         100.0      34,330.4    419,366.5     179,035.7       2,185,219.9
Foreign Trade Zone          16,025.0     215,516.4           15.9       2,578.3      29,604.5           8.4       7,919.9     80,827.9      26,523.2         325,948.9

  Alabama                          942.6       19,797.2           1.5        224.8      2,537.8           0.7         92.2    1,334.5       1,259.6       23,669.5
  Alaska                             49.1       1,548.3           0.1        186.9      5,094.4           1.4          0.9       59.4         237.0        6,702.0
  Arizona                        1,977.8       21,871.5           1.6        398.9      4,664.5           1.3      1,466.9  17,889.0        3,843.6       44,425.0
  Arkansas                         307.8        4,204.2           0.3         48.0         819.7          0.2        441.6    1,620.9         797.4        6,644.9
  California                     9,305.9      115,121.6           8.5      2,349.0     24,387.0           6.9      3,964.5  48,895.0      15,619.4       188,403.7
  Colorado                         723.1        8,830.0           0.6         66.7         824.0          0.2        104.0    1,375.0         893.8       11,029.0
  Connecticut                    1,439.8       14,061.2           1.0        143.2      1,484.5           0.4        196.3    2,197.1       1,779.4       17,742.8
  Delaware                         264.2        4,125.9           0.3          9.7         162.5           (-)       140.7    1,180.7         414.6        5,469.0
  Florida                        4,359.8       51,745.3           3.8        499.8      5,585.1           1.6      2,065.3  21,545.1        6,924.9       78,875.6
  Georgia                        3,665.3       39,714.2           2.9        359.7      5,178.6           1.5      1,163.1  15,384.4        5,188.1       60,277.2
  Hawaii                               6.2        206.2            (-)         8.8         125.3           (-)         1.4       63.9           16.4         395.4
  Idaho                            207.1        2,892.2           0.2         84.5         852.2          0.2         57.6      859.0         349.2        4,603.4
  Illinois                       4,298.6       54,916.8           4.0        570.4      5,857.0           1.7      1,235.9  19,181.6        6,104.8       79,955.4
  Indiana                        4,265.2       59,735.0           4.4         47.4         677.3          0.2        597.5    8,427.5       4,910.1       68,839.7
  Iowa                             926.3       13,012.3           1.0        257.0      2,596.9           0.7         42.2      583.0       1,225.5       16,192.2
  Kansas                           897.8       11,120.1           0.8        231.5      2,058.9           0.6        239.2    1,463.4       1,368.4       14,642.4
  Kentucky                       2,881.4       37,706.2           2.8         98.5      1,094.2           0.3        914.6  11,829.4        3,894.4       50,629.9
  Louisiana                      3,880.5       41,724.5           3.1      5,355.8     50,991.8         14.4          58.4      675.3       9,294.7       93,391.5
  Maine                            220.5        1,786.3           0.1         78.2      1,007.9           0.3          7.2      391.3         306.0        3,185.5
  Maryland                         743.5        9,363.0           0.7        435.3      4,435.6           1.3        282.9    2,708.5       1,461.7       16,507.2
  Massachusetts                  2,753.7       31,649.7           2.3        223.8      1,908.8           0.5        575.6    5,244.4       3,553.1       38,802.8
  Michigan                       3,679.7       48,549.6           3.6        376.9      3,472.3           1.0        472.8    6,256.5       4,529.4       58,278.4
  Minnesota                      1,417.7       18,506.5           1.4        117.6      1,698.8           0.5        272.7    3,300.6       1,808.0       23,505.9
  Mississippi                      709.8        9,892.5           0.7         52.8         794.8          0.2        796.8    3,534.5       1,559.4       14,221.8
  Missouri                       1,052.3       14,852.2           1.1        233.5      2,547.1           0.7         99.5    1,276.4       1,385.3       18,675.8
  Montana                            88.4       1,175.9           0.1         85.3         845.0          0.2          9.5       99.0         183.3        2,119.9
  Nebraska                         479.7        5,856.5           0.4        149.7      1,588.5           0.4         29.8      342.9         659.3        7,787.9
  Nevada                           405.5        6,791.1           0.5        109.5      1,217.3           0.3        771.2    4,665.7       1,286.2       12,674.1
  New Hampshire                    345.5        4,964.6           0.4         22.9         316.4          0.1        155.6    1,902.4         524.0        7,183.3
  New Jersey                     2,211.2       27,451.3           2.0        519.0      5,210.5           1.5        841.9  11,513.9        3,572.1       44,175.6
  New Mexico                       436.2        7,028.9           0.5         34.3         336.3          0.1      1,316.0    7,929.2       1,786.5       15,294.5
  New York                       4,781.7       71,566.5           5.3      1,380.2     12,090.5           3.4      3,263.7  69,428.1        9,425.6      153,085.1
  North Carolina                 2,650.5       31,927.3           2.3        174.3      2,204.1           0.6        670.6    9,658.9       3,495.4       43,790.3
  North Dakota                     463.9        5,996.5           0.4        211.5      2,542.0           0.7          9.5      106.0         684.9        8,644.4
  Ohio                           3,749.6       45,799.0           3.4        290.1      3,230.0           0.9        769.0    6,845.9       4,808.8       55,874.9
  Oklahoma                         467.6        6,032.4           0.4         34.9         331.9          0.1        107.4    1,142.2         609.9        7,506.5
  Oregon                         1,675.2       20,181.6           1.5        222.5      2,392.4           0.7        531.9    5,414.0       2,429.6       27,987.9
  Pennsylvania                   2,797.1       36,542.8           2.7        470.4      6,295.2           1.8        821.0    9,382.8       4,088.5       52,220.8
  Rhode Island                     292.7        2,727.8           0.2        104.4      1,075.3           0.3         47.8      392.4         444.9        4,195.6
  South Carolina                 3,682.3       35,084.9           2.6         84.4         832.9          0.2        222.1    2,614.6       3,988.7       38,532.4
  South Dakota                     126.8        1,588.8           0.1          9.4         202.0          0.1          5.0       59.5         141.2        1,850.3
  Tennessee                      1,853.6       24,898.6           1.8        174.3      2,901.1           0.8        908.4    9,935.8       2,936.3       37,735.5
  Texas                        18,340.5       222,516.8          16.4    12,015.5    146,351.0          41.4       7,077.9  81,405.7      37,433.9       450,273.5
  Utah                           2,476.8       19,100.3           1.4         53.1         655.2          0.2        570.5    2,635.2       3,100.4       22,390.6
  Vermont                          129.7        1,881.2           0.1          6.1          74.7           (-)         6.0      100.2         141.8        2,056.1
  Virginia                       1,000.9       13,196.5           1.0        378.3      4,200.9           1.2        147.1    1,649.2       1,526.4       19,046.7
  Washington                     4,346.1       47,598.7           3.5      1,240.7     13,960.8           3.9        247.8    3,690.3       5,834.6       65,249.8
  West Virginia                    297.9        3,838.8           0.3         35.0         438.4          0.1         20.7      350.6         353.5        4,627.7
  Wisconsin                      1,800.9       22,981.2           1.7         92.6      1,098.0           0.3        207.5    3,044.4       2,100.9       27,123.6
  Wyoming                          137.9        1,740.9           0.1          8.5          90.6           (-)        12.1      168.0         158.6        1,999.5
  Dist of Columbia                 103.5        3,035.7           0.2         57.3         555.0          0.2          2.1       72.1         163.0        3,662.8
  Puerto Rico                    1,065.3       14,702.4           1.1         12.7         177.6          0.1        236.7    6,859.7       1,314.7       21,739.8
  US Virgin Islands                178.3        1,516.0           0.1          2.2           6.0           (-)        29.2      667.9         209.7        2,189.9
Other                            2,781.1       34,857.3           2.6        335.9     11,540.0           3.3          2.4       13.1       6,909.2       99,120.4
  Estimated Shipments                  (X)           (X)          (X)           (X)          (X)          (X)          (X)        (X)       3,789.8       45,992.9
  Unreported (2)                 2,781.1       34,857.3           2.6        335.9     11,540.0           3.3          2.4       13.1       3,119.4       53,127.5
Timing Adjustment                      (X)           (X)          (X)           (X)          (X)          (X)          (X)        (X)            (X)          14.2
(1) Includes agricultural, forestry, fishery products, mineral commodities, scrap, waste, and used or second-hand merchandise. The state of origin of movement
 value totals for non-manufactured commodities usually reflect the state where the U.S. port of export is located.
(2) Includes prior month's revision to exports to Canada.
